%YAML:1.0

#--------------------------------------------------------------------------------------------
# Camera Parameters. Adjust them!
#--------------------------------------------------------------------------------------------
#--------------------------------------------------------------------------------------------
# Stereo Rectification. Only if you need to pre-rectify the images.
# Camera.fx, .fy, etc must be the same as in LEFT.P
#--------------------------------------------------------------------------------------------
LEFT.height: 1080
LEFT.width: 1920
LEFT.D: !!opencv-matrix
   rows: 1
   cols: 5
   dt: d
   data: [-0.4992, 0.1960, 0.0088, 0.0023, 0.0000]
LEFT.K: !!opencv-matrix
   rows: 3
   cols: 3
   dt: d
   data: [1923.8460,0.,917.7170,
          0.,1920.1691,517.3959,
          0.,0.,1.]
LEFT.R:  !!opencv-matrix
   rows: 3
   cols: 3
   dt: d
   data: [0.9996476841585177, -0.02626411725978862, -0.003834540530009832,
          0.0262983974727845, 0.9996119738010011, 0.009181292067583171,
          0.003591914096363694, -0.00927889962392619, 0.9999504988622655]
LEFT.P:  !!opencv-matrix
   rows: 3
   cols: 4
   dt: d
   data: [1979.453503585263, 0, 951.5348663330078, 0,
          0, 1979.453503585263, 538.1908416748047, 0,
          0, 0, 1, 0]
RIGHT.height: 1080
RIGHT.width: 1920
RIGHT.D: !!opencv-matrix
   rows: 1
   cols: 5
   dt: d
   data: [-0.5287,  0.2795, 0.0053, 0.0080, 0.000000]
RIGHT.K: !!opencv-matrix
   rows: 3
   cols: 3
   dt: d
   data: [1922.1114,0.,921.5181,
          0.,1922.6032,538.5202 ,
          0.,0.,1.]
RIGHT.R:  !!opencv-matrix
   rows: 3
   cols: 3
   dt: d
   data: [0.9996283415363295, 0.00857311557655048, -0.0258781855360527,
          -0.008811651617066454, 0.9999196076592607, -0.009117730766459085,
          0.02579793776848665, 0.009342371640075765, 0.9996235223818175]
RIGHT.P:  !!opencv-matrix
   rows: 3
   cols: 4
   dt: d
   data: [1979.453503585263, 0.,951.5348663330078,1420.671084952033,
          0.,1979.453503585263,538.1908416748047,0.,
          0.,0.,1.,0.]
             
MID.height: 1080
MID.width: 1920
MID.D: !!opencv-matrix
   rows: 1
   cols: 5
   dt: d
   data: [-0.3422, 0.0888, -0.0016, -0.0015, 0.0000]
MID.K: !!opencv-matrix
   rows: 3
   cols: 3
   dt: d
   data: [1118.0838, 0., 966.4004, 
          0., 1126.2542, 528.8921, 
          0.,       0.,        1.]
MID.R:  !!opencv-matrix
   rows: 3
   cols: 3
   dt: d
   data: [1. ,  0. ,  0. ,
          0. ,  1. ,  0. ,
          0. ,  0. ,  1. ]
MID.P:  !!opencv-matrix
   rows: 3
   cols: 4
   dt: d
   data: [1118.0838, 0., 966.4004, 0.,
          0., 1118.0838, 528.8921, 0.,
          0., 0.,        1.,       0.]

#--------------------------------------------------------------------------------------------
# ORB Parameters
#--------------------------------------------------------------------------------------------
